Time_integration Time_hrs Satellite_index angular_distance  Satellite_range
379 0.1682526366203092 [508] [0.04674193] [1865.06182572] 
404 0.1793083300581202 [279] [0.02582195] [2018.68289015] 
429 0.19041957997251302 [508] [0.03138852] [1442.29674079] 
454 0.20147541485494003 [279] [0.00522117] [1630.83669148] 
479 0.21258666476933286 [279] [0.008352] [1469.68657045] 
504 0.22369791485834867 [279] [0.01098744] [1342.19408191] 
524 0.2325869425549172 [279] [0.02819442] [1271.48352944] 
529 0.2348091647727415 [279] [0.01470864] [1258.83091722] 
654 0.29033777659060434 [277] [0.05825805] [1227.94989959] 
2556 1.134989719837904 [72] [0.0288756] [1285.8290071] 
2606 1.157156802364625 [102] [0.03884681] [1284.46272344] 
3019 1.3404929131502286 [81] [0.07231091] [1236.45969724] 
4934 2.190450555004645 [274] [0.05383516] [1767.83552775] 
4959 2.201506248442456 [106] [0.01752951] [1965.40540604] 
4984 2.212617498356849 [59] [0.02070956] [1909.09800281] 
5009 2.223728748271242 [358] [0.02016153] [1626.48378062] 
5034 2.2347845833282918 [106] [0.02280471] [1527.92427578] 
5071 2.251395834842697 [88] [0.04143109] [2004.94380945] 
5109 2.268229443754535 [62] [0.06968288] [1767.69920792] 
5134 2.2793407113058493 [252] [0.04417274] [1974.34947549] 
5184 2.301507776021026 [533] [0.03517903] [1773.04067292] 
5259 2.3347861109068617 [373] [0.01905885] [1781.65710805] 
5284 2.3458418069640175 [267] [0.05748479] [1688.1580177] 
5309 2.3570086109102704 [523] [0.01524698] [1934.764271] 
5359 2.3792312499135733 [272] [0.01510254] [1991.82245572] 
5409 2.401398195710499 [272] [0.06932864] [1603.27909664] 
5471 2.4290652770432644 [272] [0.06292127] [1268.50380707] 
5484 2.434815415937919 [280] [0.00248615] [1898.37570138] 
5509 2.4459544426063076 [280] [0.0164304] [1701.3422301] 
5534 2.4570656926953234 [280] [0.0205615] [1525.3402222] 
5609 2.490288473549299 [524] [0.05382068] [1994.39967569] 
5647 2.5071220824611373 [519] [0.04235566] [1971.75965586] 
5672 2.51823333237553 [281] [0.05207322] [1958.13318626] 
5697 2.529289025987964 [514] [0.04304737] [1278.37439958] 
5722 2.5403724989737384 [45] [0.00730921] [1957.89893115] 
5747 2.551456110610161 [255] [0.02328218] [1631.85089009] 
5772 2.5625118068419397 [537] [0.04172202] [1879.68062629] 
5785 2.5682341658393852 [84] [0.05643481] [2005.7063252] 
5847 2.5958456955850124 [14] [0.05382839] [1965.53938978] 
5872 2.6070124995312653 [537] [0.04150331] [1264.66686463] 
5935 2.6348462481983006 [283] [0.01295918] [1952.49294954] 
5960 2.6459574981126934 [100] [0.01755104] [1743.83337121] 
6010 2.668069028877653 [86] [0.06894948] [1785.12514779] 
6023 2.6737912490498275 [75] [0.05004203] [2025.62743413] 
6048 2.684847029100638 [273] [0.01506106] [1974.90700575] 
6073 2.6959027770208195 [56] [0.03283743] [1496.88996032] 
6123 2.718069723166991 [273] [0.0767941] [1439.32407096] 
6161 2.7349033320788294 [257] [0.04017733] [1988.92058601] 
6198 2.751459166116547 [257] [0.03067592] [1697.57133618] 
6248 2.7736816659453325 [40] [0.03443771] [1456.23113504] 
6273 2.7847930548596196 [98] [0.02319712] [1979.18497612] 
6298 2.7958487507421523 [259] [0.05616911] [1814.05931938] 
6323 2.8070155546884052 [50] [0.02052582] [1967.12910338] 
6348 2.818126804952044 [259] [0.0308198] [1473.68448344] 
6373 2.829238193691708 [50] [0.01979886] [1637.09897951] 
6398 2.840349443606101 [262] [0.0193843] [1934.8530551] 
6448 2.8625163895776495 [276] [0.05473874] [2018.39926956] 
6498 2.8847390287555754 [68] [0.05559927] [1885.79206938] 
6511 2.890489027078729 [263] [0.05737954] [1961.06847837] 
6573 2.918183886562474 [531] [0.01987275] [1962.54070934] 
6598 2.929295275476761 [263] [0.01943893] [1393.89892169] 
6648 2.9514899982023053 [254] [0.00590199] [1791.77738624] 
6673 2.9625734713627025 [20] [0.02580021] [2023.56362262] 
6698 2.9736848602769896 [102] [0.02589528] [2007.65061089] 
6723 2.9847961101913825 [536] [0.02667671] [1671.87173402] 
6748 2.995851806248538 [354] [0.05368494] [1915.60433313] 
6798 3.018074445077218 [354] [0.07642121] [1572.20131663] 
6823 3.029185694991611 [250] [0.06690578] [2006.58422356] 
6848 3.0402969449060038 [37] [0.06525047] [1964.83011203] 
6886 3.0571583323180676 [104] [0.07254073] [2010.34165533] 
6911 3.068241804256104 [69] [0.03880016] [2027.56408092] 
6973 3.0959088876843452 [356] [0.02112362] [1977.040486] 
7023 3.118131526687648 [69] [0.04074212] [1342.47123609] 
7048 3.129187222570181 [532] [0.05971717] [1849.44956025] 
7073 3.1402984728338197 [32] [0.06395547] [2014.30749831] 
7086 3.146076388307847 [41] [0.06772409] [2008.98253733] 
7261 3.2237441641045734 [44] [0.00840947] [2007.4919182] 
7323 3.2514112503267825 [411] [0.055444] [1979.69409493] 
7361 3.268244859413244 [48] [0.04068922] [1892.31960123] 
7386 3.279356248327531 [529] [0.04430067] [1947.07453594] 
7436 3.3015231915051118 [517] [0.0077154] [2001.86061795] 
7461 3.3125788875622675 [529] [0.03777839] [1529.29411134] 
7511 3.3348015263909474 [417] [0.03605056] [1573.00228624] 
7524 3.3405237491824664 [61] [0.06572345] [1994.34797925] 
7536 3.345857222448103 [25] [0.07052294] [1782.20973721] 
7599 3.3736909709405154 [10] [0.03067733] [1852.77392715] 
7637 3.3905245826463215 [38] [0.07809825] [1790.4431918] 
7662 3.4015802759095095 [60] [0.03734779] [1939.67034279] 
7699 3.418136109597981 [63] [0.02191956] [1992.42778597] 
7737 3.4349141648272052 [7] [0.04315081] [2010.31669153] 
7762 3.446025414741598 [527] [0.04866351] [1820.45207539] 
7787 3.457081108004786 [43] [0.0461007] [1986.86072006] 
7812 3.468136943061836 [43] [0.02682216] [1787.7006655] 
7837 3.479192638944369 [238] [0.07209941] [1965.51277304] 
7862 3.4903038888587616 [516] [0.06287553] [1961.46258397] 
7875 3.496081804682035 [70] [0.0651746] [1987.65753159] 
7887 3.5014151389477775 [70] [0.05654666] [1889.70097913] 
7900 3.507137498119846 [43] [0.07697011] [1281.29769153] 
7912 3.5127486448036507 [23] [0.07782357] [1969.9882707] 
7949 3.5291933332337067 [232] [0.07442932] [1921.99239247] 
7974 3.5403047221479937 [58] [0.05638057] [1889.73882894] 
7987 3.546082498971373 [36] [0.07277908] [2028.51811301] 
8012 3.5571937488857657 [36] [0.07819667] [1867.24841075] 
8074 3.584805276186671 [31] [0.02667913] [2010.6677135] 
8099 3.595916664926335 [526] [0.02892513] [1939.35376011] 
8149 3.6180836110725068 [405] [0.06457516] [2000.13940641] 
8224 3.6514174999902025 [13] [0.05259705] [2006.85225667] 
8237 3.6571398242376745 [19] [0.06865601] [1337.37357081] 
8249 3.6625287499045953 [392] [0.05970138] [1987.73287807] 
8324 3.695862638647668 [394] [0.0742298] [1747.25761989] 
8362 3.7126406914321706 [513] [0.00775249] [1628.91890839] 
8387 3.7237519413465634 [397] [0.00828847] [1648.444879] 
8412 3.734807637054473 [391] [0.02569798] [2032.55866962] 
8462 3.757141386740841 [64] [0.04593841] [1931.80789823] 
8487 3.768197080004029 [24] [0.00499323] [2024.68139386] 
8512 3.779308329918422 [2] [0.00742472] [1717.91247462] 
8562 3.8014754148898646 [24] [0.04057793] [1490.78962671] 
8587 3.8125311105977744 [521] [0.05695645] [1945.02091972] 
8600 3.8183088874211535 [421] [0.07341158] [1905.53294132] 
8650 3.8404204132966697 [521] [0.00750656] [1507.31453619] 
8675 3.8514761091792025 [51] [0.02664204] [1952.14163123] 
8700 3.8625873592682183 [421] [0.04973318] [1416.59687889] 
8750 3.884809997922275 [408] [0.0434683] [1519.95692156] 
8775 3.895865694154054 [360] [0.06290119] [1859.35807316] 
8850 3.9292551371036097 [42] [0.02732771] [1968.53691491] 
8875 3.9404774975264445 [220] [0.05378849] [1668.34244508] 
8925 3.9626444407040253 [220] [0.00461976] [1903.20167536] 
8950 3.9737558299675584 [393] [0.00648846] [1397.8839809] 
9113 4.046034719736781 [402] [0.03487035] [1943.01616621] 
9163 4.068201662914362 [402] [0.00416713] [1591.36472854] 
9188 4.079424026305787 [410] [0.06182117] [2021.34159859] 
9263 4.112702358572278 [410] [0.05331638] [1499.7974152] 
9288 4.123758052010089 [589] [0.00536666] [1314.47213635] 
9338 4.145925136806909 [234] [0.04549442] [1568.10752828] 
9363 4.156980832689442 [396] [0.05567808] [2018.1725101] 
9476 4.207148330518976 [65] [0.06436174] [1982.0230768] 
9501 4.218231801583897 [369] [0.03296539] [1413.85655491] 
9551 4.240370969928335 [236] [0.05138858] [1460.24506308] 
9626 4.273815969354473 [415] [0.03070804] [2010.25956599] 
9651 4.284871662617661 [247] [0.00202805] [1403.77763209] 
9676 4.2959829128813 [399] [0.0028566] [1258.90106185] 
9701 4.307094301620964 [501] [0.00224807] [1701.90973173] 
9726 4.318205551535357 [247] [0.00191648] [1722.1243316] 
9776 4.340455829165876 [413] [0.02375316] [1541.76507253] 
9801 4.3515394404530525 [419] [0.00061193] [2003.63531002] 
9826 4.362650690716691 [47] [0.01310507] [1560.18381832] 
9851 4.373706386424601 [413] [0.06440602] [1246.74741036] 
9876 4.384817636338994 [0] [0.0594406] [1351.44855417] 
9901 4.395929025427904 [407] [0.03006436] [1896.44089466] 
9976 4.4293183292029426 [400] [0.00075187] [2000.50911568] 
10001 4.44045749574434 [407] [0.03217365] [1290.70949371] 
10026 4.4515409680316225 [407] [0.03030025] [1238.72876927] 
10051 4.462652217946015 [223] [0.0004435] [1554.0570212] 
10076 4.473763468209654 [223] [0.00031463] [1708.60930931] 
10101 4.484819164092187 [224] [0.06305031] [1305.71612359] 
10126 4.495930552831851 [11] [0.03418817] [1541.02113822] 
10151 4.50704180309549 [8] [0.02887952] [2003.84623159] 
10176 4.518153053009883 [463] [0.0407228] [1942.97813025] 
10251 4.551542495959438 [534] [0.00060368] [1731.83723416] 
10276 4.562598191667348 [230] [0.06575251] [1282.7858616] 
10326 4.584931941353716 [21] [0.02888461] [2009.57351617] 
10351 4.596043191268109 [483] [0.04142503] [1903.34565683] 
10376 4.607098884531297 [40] [6.3133083e-05] [1641.85534896] 
10401 4.618210134794936 [21] [0.00148424] [1468.91860905] 
10451 4.640377219417132 [585] [0.05416635] [1925.16685579] 
10501 4.662599719420541 [16] [0.02963419] [2018.49646203] 
10576 4.695878054306377 [241] [0.06113643] [1972.10480132] 
10589 4.701600413303822 [35] [0.02776169] [2023.30424068] 
10614 4.712711663218215 [484] [0.04127499] [1836.57298929] 
10639 4.723767356830649 [595] [0.01491495] [981.99927382] 
10664 4.734823052713182 [228] [0.0713184] [1228.69819932] 
10689 4.745934302627575 [474] [0.0472179] [1778.4779513] 
10714 4.757156802224927 [20] [0.03561367] [1738.94554029] 
10739 4.7682680521393195 [228] [0.04550694] [1477.60426101] 
10764 4.779379302053712 [398] [0.02857463] [1990.62409047] 
10814 4.801601941057015 [34] [0.04426064] [1713.88208497] 
10839 4.812657634494826 [398] [0.00380248] [1470.14951248] 
11027 4.896075552504044 [465] [0.07599272] [1659.59618283] 
11052 4.907159024267457 [9] [0.05334122] [1354.39503903] 
11089 4.923714857955929 [12] [0.04783886] [1618.95164479] 
11152 4.951659719576128 [244] [0.06924989] [1975.81304452] 
11227 4.984938052017242 [242] [0.03423209] [1671.34690269] 
11252 4.996104858408216 [29] [0.04018479] [1722.33998463] 
11277 5.007160656270571 [496] [0.0144813] [1569.21501704] 
11314 5.023660831851885 [26] [0.0695558] [1923.13180442] 
11327 5.029438747325912 [41] [0.07602054] [1988.25136845] 
11377 5.051661247329321 [1] [0.05595735] [1955.91889031] 
11402 5.062717079592403 [216] [0.04939047] [1344.53843925] 
11489 5.101523190562148 [216] [0.01864403] [1938.3535031] 
11539 5.123717913462315 [6] [0.03566806] [1980.4189385] 
11802 5.240441939444281 [460] [0.06414739] [1475.19410283] 
11827 5.251664441311732 [227] [0.06477802] [1922.25961636] 
11852 5.262720135098789 [7] [0.02872651] [1934.71986877] 
11927 5.29594291333342 [600] [0.05118042] [1642.3104181] 
12052 5.351443747873418 [478] [0.07481281] [1882.62461676] 
12165 5.401611106877681 [232] [0.0254819] [1913.28344037] 
12227 5.429278190829791 [476] [0.04132309] [1877.74191832] 
12277 5.451445275801234 [246] [0.070655] [1905.86707265] 
12315 5.468278884538449 [222] [0.0417413] [1433.31556634] 
12340 5.479390134802088 [17] [0.03412202] [1751.74386833] 
12490 5.546057773462962 [183] [0.03031991] [1988.04127921] 
12515 5.5571691623772494 [219] [0.04551554] [1372.2387368] 
12540 5.568252633442171 [586] [0.0113029] [1945.637294] 
12577 5.584891800186597 [219] [0.01015908] [1661.68013733] 
12777 5.673726523818914 [590] [0.07810146] [1240.26295008] 
12827 5.695949026441667 [5] [0.05651086] [1812.44364814] 
12852 5.70706027635606 [408] [0.04730529] [1982.0505073] 
12927 5.740394165273756 [201] [0.05809089] [1782.74412895] 
12977 5.762727812980302 [607] [0.03412817] [1747.01147813] 
13027 5.784950417059008 [470] [0.03687247] [1428.03751513] 
13052 5.796061666973401 [488] [0.04819602] [1206.74948537] 
13077 5.80717291723704 [218] [0.03923313] [1480.94653411] 
13102 5.818228749500122 [182] [0.01019937] [1998.13608077] 
13127 5.829395555891097 [488] [0.03199731] [1509.81167081] 
13152 5.840451249503531 [207] [0.01356133] [1699.94596057] 
13227 5.873785138421226 [477] [0.00288899] [1601.93163824] 
13252 5.884896388335619 [248] [0.01223455] [1754.79009835] 
13277 5.896007638250012 [202] [0.01444788] [1697.8949372] 
13302 5.9071189924143255 [466] [0.0216216] [1189.89108301] 
13377 5.940508333558682 [180] [0.03466183] [1623.29377485] 
13402 5.951619618397672 [489] [0.04673449] [1205.32555789] 
13477 5.984897916088812 [471] [0.01832542] [1191.04673482] 
13515 6.001675973413512 [489] [0.0543933] [1842.85763321] 
13590 6.034898749203421 [226] [0.01236904] [1819.37580559] 
13615 6.045954442466609 [210] [0.06878056] [1577.7361996] 
13752 6.106899861129932 [486] [0.02316671] [1681.39818247] 
13840 6.145955970394425 [604] [0.05701875] [1749.28173659] 
13865 6.157011666102335 [461] [0.0698788] [1905.91784394] 
13878 6.162789584544953 [225] [0.07022935] [1710.58421122] 
13903 6.173845277808141 [629] [0.03384849] [1508.99334274] 
14028 6.2293461100780405 [485] [0.02276443] [1307.56136094] 
14053 6.24042971979361 [603] [0.02510409] [1609.99256482] 
14115 6.268180136801675 [223] [0.06204547] [1808.34223269] 
14228 6.3182919443934225 [3] [0.02818185] [1590.86256186] 
14253 6.329403194307815 [463] [0.03884185] [1246.77289851] 
14278 6.340514583222102 [587] [0.01960759] [1826.58065022] 
14303 6.351570276659913 [211] [0.0231239] [1416.04813165] 
14328 6.362681526574306 [211] [0.02100759] [1504.26504281] 
14353 6.373792776488699 [211] [0.01797988] [1630.55941476] 
14378 6.384904165577609 [211] [0.01532281] [1786.7396174] 
14403 6.396015415492002 [214] [0.02525124] [1364.00539697] 
14428 6.407071108929813 [230] [0.05499779] [1996.73176072] 
14503 6.4404605541494675 [614] [0.02161501] [1484.72907223] 
14641 6.50162819417892 [215] [0.03433475] [1336.58758634] 
14691 6.523850694182329 [215] [0.02542853] [1536.37279679] 
14716 6.534961944096722 [215] [0.06832241] [1689.82394727] 
14741 6.546017776359804 [185] [0.02877062] [1294.0754774] 
14804 6.573907083948143 [185] [0.07565666] [1504.44815284] 
14829 6.585018333862536 [542] [0.06556452] [1872.11305466] 
14916 6.623796665109694 [612] [0.031458] [1274.22397517] 
14941 6.634907915373333 [487] [0.01766051] [1775.02940171] 
14978 6.651352638378739 [195] [0.05597961] [1896.51278056] 
14991 6.657074997376185 [475] [0.06909044] [1568.17952839] 
15016 6.668186247465201 [544] [0.06452894] [1835.49499555] 
15041 6.6792974973795936 [475] [0.04980603] [1898.88683282] 
15054 6.685019861615729 [206] [0.06545353] [1600.06543181] 
15066 6.690408834256232 [206] [0.05867788] [1682.07730834] 
15091 6.701464582351036 [206] [0.03946645] [1866.37628835] 
15104 6.707242361619137 [206] [0.04588563] [1969.60076577] 
15179 6.740520693885628 [465] [0.02133647] [1706.29399093] 
15216 6.757076525129378 [540] [0.06677837] [1730.29066485] 
15241 6.768187775043771 [539] [0.07068184] [1715.89262002] 
15279 6.7850213893689215 [188] [0.06731655] [1542.18931984] 
15304 6.796132639283314 [495] [0.07769859] [1514.99232372] 
15341 6.812632914050482 [323] [0.07115512] [1716.89508029] 
15454 6.862800416944083 [451] [0.07164763] [1681.13428088] 
15504 6.88496736047091 [574] [0.04235905] [1735.47101989] 
15579 6.918301249388605 [610] [0.01909549] [1640.47537274] 
15616 6.934857080457732 [192] [0.0724395] [1486.16445358] 
15641 6.945968330372125 [192] [0.06084305] [1652.86446135] 
15729 6.985024444526061 [204] [0.06786668] [1494.39513682] 
15754 6.996135746827349 [204] [0.05638303] [1663.32982302] 
15779 7.007219305727631 [187] [0.06382659] [1226.38053325] 
15804 7.018302776792552 [187] [0.03876878] [1294.88152113] 
15829 7.029414027056191 [187] [0.02217292] [1410.82053839] 
15854 7.040525276970584 [493] [0.01664005] [1842.03712821] 
15979 7.09608180471696 [191] [0.01694652] [1642.59429841] 
16079 7.140471386897843 [196] [0.0364329] [1267.35594365] 
16179 7.184860830253456 [443] [0.0738126] [1640.7682] 
16329 7.251528607914224 [319] [0.06016605] [1824.08636438] 
16379 7.273862220870797 [306] [0.02001968] [1476.04464954] 
16404 7.284973609959707 [189] [0.01794957] [1473.69159526] 
16429 7.2960848598740995 [189] [0.01615898] [1633.28950012] 
16454 7.307196109788492 [189] [0.01260303] [1817.54650627] 
16516 7.334752083057538 [567] [0.0136368] [1474.53082559] 
16529 7.340529998706188 [200] [0.01584106] [1548.13944975] 
16554 7.351641248795204 [289] [0.01506504] [1761.23767627] 
16629 7.3849751377129 [586] [0.02336895] [1278.88369896] 
16654 7.396086387627292 [596] [0.01536684] [1877.28855897] 
16679 7.407197637541685 [183] [0.01211731] [1817.83535765] 
16716 7.423809025611263 [203] [0.03731909] [1366.57756543] 
16766 7.446087203454226 [203] [0.01411991] [1634.6233787] 
16791 7.4571429143543355 [209] [0.04182571] [1295.58155097] 
16841 7.479365414183121 [208] [0.04098001] [1318.90339945] 
16866 7.490476664097514 [438] [0.03181283] [1523.14172502] 
16891 7.501699166314211 [209] [0.05122264] [1727.56338007] 
16916 7.512754859577399 [315] [0.02138308] [1290.35300207] 
16966 7.534894024080131 [619] [0.05686829] [1515.97889993] 
17041 7.5682001353707165 [164] [0.06956843] [1938.30458549] 
17066 7.579366941936314 [201] [0.03553917] [1467.28526511] 
17128 7.6070895799202845 [333] [0.06757584] [1705.78906966] 
17166 7.623923193896189 [166] [0.05393297] [1933.25890604] 
17228 7.65153471857775 [547] [0.06872406] [1942.13682413] 
17266 7.668368332553655 [169] [0.05625612] [1850.9979429] 
17291 7.679479582817294 [169] [0.05256989] [1933.83327927] 
17341 7.701702221645974 [207] [0.04951604] [1764.85163479] 
17391 7.723869164998177 [148] [0.01222262] [1844.00750545] 
17441 7.7460362473502755 [576] [0.03174974] [1819.58604713] 
17503 7.773758884985 [144] [0.07472163] [1803.31712575] 
17591 7.812814999138936 [458] [0.04651196] [1716.13732256] 
17616 7.8238151362747885 [162] [0.03287186] [1760.65130943] 
17704 7.8628158326027915 [4] [0.0406829] [1979.83972539] 
17729 7.8738715258659795 [348] [0.01259528] [1722.70269116] 
17754 7.8849272193037905 [210] [0.03591978] [1618.49458603] 
17792 7.901760831009597 [569] [0.07411287] [1792.13550612] 
17854 7.929372358310502 [326] [0.0212866] [1979.68437126] 
17879 7.940483608224895 [199] [0.03438849] [1699.95583827] 
17904 7.951594996964559 [554] [0.03788099] [1656.00251316] 
17954 7.973817497142591 [161] [0.04210351] [1642.14992549] 
17992 7.990595554467291 [320] [0.06812438] [1344.16359169] 
18017 8.00170680473093 [629] [0.06111635] [1614.75164366] 
18042 8.012762497994117 [623] [0.00811133] [1898.51126495] 
18067 8.023873886733782 [344] [0.05431058] [1605.80682318] 
18092 8.034929580346216 [629] [0.02713236] [1983.02336226] 
18117 8.046040830260608 [351] [0.04111237] [1401.27808397] 
18142 8.057152080349624 [344] [0.02867846] [1945.16075491] 
18192 8.079374719178304 [153] [0.03939489] [1604.34928434] 
18242 8.101652775658295 [456] [0.01004358] [1465.61760865] 
18267 8.112764164572582 [153] [0.00614509] [1986.06309325] 
18317 8.134931107924785 [3] [0.03758303] [1741.36943952] 
18342 8.146042358013801 [571] [0.07557264] [1153.87416389] 
18430 8.185043054516427 [571] [0.05652323] [1569.32694055] 
18442 8.190431940369308 [211] [0.07500268] [1823.92968022] 
18555 8.240543886611704 [565] [0.00610388] [1935.55322626] 
18580 8.251710693351924 [146] [0.04981929] [1714.04667104] 
18705 8.307294858677778 [178] [0.06666294] [1748.2550814] 
18730 8.318378331838176 [328] [0.04314105] [1720.35970278] 
18755 8.329489720927086 [167] [0.06457044] [1437.03913042] 
18805 8.351712220755871 [563] [0.06564981] [1413.04040945] 
18830 8.362823470844887 [563] [0.05980146] [1488.91752132] 
18855 8.373934859759174 [158] [0.06818842] [1384.88726483] 
18930 8.407240832224488 [542] [0.03072604] [1453.53519902] 
18955 8.41837999841664 [452] [0.04253799] [1720.12048084] 
18992 8.434935691009741 [570] [0.04355537] [1426.50108983] 
19067 8.468269579927437 [612] [0.03414112] [2008.01634855] 
19142 8.501603468845133 [342] [0.04332352] [1490.7269344] 
19167 8.51265916210832 [342] [0.07767437] [1643.88916416] 
19217 8.534937235875987 [340] [0.05313459] [1344.8444286] 
19267 8.557159857416991 [165] [0.04098971] [1588.87420206] 
19292 8.568271107331384 [165] [0.03393923] [1751.27925499] 
19367 8.60163277440006 [572] [0.03391571] [1289.19187474] 
19417 8.623827496427111 [160] [0.05917639] [1276.70303014] 
19442 8.634938885166775 [321] [0.02734418] [1998.24607041] 
19492 8.65710582851898 [572] [0.06438135] [1929.73016309] 
19542 8.679328467696905 [160] [0.06093646] [1875.17430665] 
19555 8.685050692758523 [179] [0.06778022] [1296.53723704] 
19580 8.696161942672916 [574] [0.04733687] [1585.268349] 
19630 8.718384581676219 [179] [0.04195933] [1668.99850513] 
19667 8.734829302236903 [179] [0.03025373] [1946.7518209] 
19680 8.7405515248538 [575] [0.00267969] [1806.04872064] 
19705 8.751718470593914 [154] [0.07052545] [1244.89567879] 
19742 8.76827416283777 [154] [0.05597089] [1326.64401067] 
19767 8.779385551577434 [436] [0.04198873] [1783.3886709] 
19817 8.801608051755466 [550] [0.06383274] [1235.80596967] 
19842 8.812691523868125 [454] [0.06878407] [1728.7789623] 
19905 8.840664163290057 [318] [0.05897818] [2002.60751889] 
19942 8.857108883850742 [553] [0.07478659] [1936.29809531] 
20005 8.885053747915663 [157] [0.06780031] [1240.84700389] 
20080 8.918387637007982 [311] [0.03792165] [1846.28339566] 
20117 8.934943468251731 [150] [0.06552029] [1232.48549643] 
20142 8.946054718166124 [559] [0.04093335] [1620.62224444] 
20192 8.968277357169427 [559] [0.03281858] [2008.09685271] 
20230 8.984999753942247 [145] [0.0003131] [1229.44945346] 
20318 9.023944859043695 [558] [0.06186423] [1280.75708726] 
20368 9.046111802570522 [441] [0.00096687] [1807.41894416] 
20393 9.057167513296008 [147] [0.05248811] [1395.69437727] 
20418 9.068278884573374 [319] [0.03688974] [1913.08623192] 
20543 9.123835273669101 [568] [0.06130546] [1303.70624367] 
20593 9.146002216846682 [173] [0.05819969] [2002.11656228] 
20631 9.162891385203693 [568] [0.06414681] [1853.58082136] 
20831 9.251670552010182 [317] [0.00247623] [1826.62559356] 
20868 9.268226383603178 [428] [0.07572291] [1861.99567873] 
20931 9.29617125011282 [438] [0.04025936] [1817.48282549] 
20968 9.31267152732471 [438] [0.07720781] [1981.30179122] 
21006 9.329560693062376 [573] [0.07581043] [1628.07227784] 
21018 9.334894027502742 [149] [0.07372133] [1767.75362699] 
21106 9.373950277862605 [431] [0.03829982] [1691.04327091] 
21156 9.39611722365953 [557] [0.00427118] [1554.20335237] 
21181 9.407228473923169 [333] [0.00265715] [1978.34410043] 
21256 9.440673470729962 [164] [0.06290049] [1864.01736604] 
21331 9.473951805615798 [166] [0.0397359] [1597.93824183] 
21356 9.48506305553019 [547] [0.04585853] [1437.39178143] 
21381 9.496174305444583 [446] [0.03298013] [1768.2751725] 
21406 9.507257837627549 [129] [0.01563245] [2019.77966722] 
21431 9.518341390416026 [547] [0.00422032] [1926.23733215] 
21456 9.529397083679214 [561] [0.07048077] [1302.4789708] 
21481 9.540508333593607 [148] [0.06936994] [1324.49905781] 
21492 9.545341805554926 [169] [0.07123942] [1947.33477334] 
21494 9.546230692765675 [169] [0.05756316] [1963.16327121] 
21506 9.551619583682623 [561] [0.0573868] [1457.61264162] 
21569 9.579564581683371 [561] [0.06299438] [1858.44589619] 
21594 9.590620277565904 [576] [0.0428012] [1521.44252554] 
21606 9.596064722514711 [576] [0.05045324] [1589.07249359] 
21631 9.607176111254375 [108] [0.0472827] [1930.7347074] 
21644 9.612898331601173 [426] [0.06820252] [1770.79472492] 
21656 9.61823180486681 [426] [0.07192378] [1860.42744485] 
21669 9.624009581515566 [426] [0.05737412] [1962.03685668] 
21919 9.735066944151185 [300] [0.02935825] [1842.22250205] 
21944 9.746178194065578 [168] [0.04857429] [1422.18120216] 
22019 9.779539860261139 [168] [0.05357318] [1730.7063611] 
22069 9.801790137018543 [555] [0.059711] [1705.75356684] 
22094 9.812845832901075 [555] [0.01770185] [1897.92124787] 
22119 9.82390166760888 [554] [0.00616224] [1968.96028355] 
22194 9.857235417701304 [309] [0.00944292] [1722.53779278] 
22219 9.86831902898848 [449] [0.06057982] [1206.53475847] 
22244 9.879402499878779 [309] [0.04761122] [1904.01864067] 
22269 9.890513749967795 [344] [0.04130954] [1920.9110258] 
22294 9.901624999882188 [153] [0.0646502] [1518.04914047] 
22319 9.912736388796475 [109] [0.05381754] [1713.23464159] 
22369 9.935014445276465 [301] [0.01072151] [1675.7936206] 
22394 9.946181249397341 [429] [0.05486313] [1201.13886967] 
22406 9.951514720218256 [439] [0.0694107] [1653.02805519] 
22419 9.957292568637058 [128] [0.03853582] [1644.78182496] 
22444 9.968403888051398 [429] [0.04432704] [1347.97075285] 
22469 9.979515138315037 [128] [0.03375792] [1815.77273512] 
22494 9.99057083419757 [437] [0.01515713] [1223.35371782] 
22594 10.035015973029658 [437] [0.00678934] [1781.60147205] 
22619 10.046071666292846 [551] [0.06639628] [1370.78410481] 
22744 10.101628194039222 [447] [0.00407144] [1619.36723689] 
22769 10.112739443953615 [116] [0.07694167] [1562.85220423] 
22844 10.146017654857133 [442] [0.07588995] [1730.53283181] 
22869 10.157129026483744 [442] [0.06700023] [1930.78667394] 
22957 10.196185138018336 [563] [0.03063656] [1821.19091639] 
23095 10.257241667015478 [327] [0.01011276] [1695.7247498] 
23120 10.268464025342837 [130] [0.07033112] [1754.3261083] 
23145 10.27957527525723 [130] [0.06104808] [1912.91537994] 
23170 10.290631109965034 [175] [0.0314243] [1822.22670271] 
23195 10.301742360228673 [303] [0.02560159] [1857.99374395] 
23245 10.323909305850975 [334] [0.01973063] [1229.41275073] 
23270 10.335020608152263 [353] [0.01082685] [1743.5045733] 
23295 10.346076388377696 [334] [0.07181808] [1365.70781487] 
23320 10.357243194943294 [334] [0.01380775] [1502.38038108] 
23433 10.407299582264386 [120] [0.02447053] [1861.02481059] 
23483 10.429577636299655 [345] [0.07425886] [1472.82367156] 
23508 10.440688886214048 [316] [0.04446636] [1985.64890361] 
23558 10.462855971010868 [135] [0.04122072] [1354.51567787] 
23608 10.485022917157039 [135] [0.01671118] [1503.03898355] 
23658 10.507189999159891 [341] [0.06256466] [1520.81306162] 
23746 10.546246108249761 [299] [0.05052618] [2014.48847703] 
23771 10.557329581584781 [368] [0.04604308] [1994.37731596] 
23796 10.56841305422131 [126] [0.04029896] [1326.55815722] 
24033 10.673803609272 [134] [0.07074761] [1985.68822906] 
24046 10.679581524746027 [553] [0.07223694] [1607.10455242] 
24058 10.684914859186392 [454] [0.07345754] [1981.95807682] 
24071 10.690692774835043 [553] [0.06076342] [1768.81885507] 
24096 10.70177624799544 [435] [0.04730419] [1664.86329859] 
24146 10.723971109546255 [115] [0.01863576] [1958.48825053] 
24196 10.746082499041222 [295] [0.06631108] [1497.91078463] 
24209 10.751804858038668 [295] [0.07089232] [1575.36616037] 
24234 10.7628605539212 [295] [0.02288861] [1745.19756873] 
24258 10.773638472310267 [295] [0.05334248] [1930.50311536] 
24284 10.785138746956363 [578] [0.05939798] [1806.81115364] 
24384 10.82958374696318 [294] [0.07424082] [1741.36065544] 
24434 10.85175083176 [441] [0.03089024] [1516.98555814] 
24459 10.862862081674393 [137] [0.03383096] [1350.28247443] 
24509 10.885029166471213 [142] [0.02387208] [1320.10900839] 
24572 10.912918469170108 [387] [0.07182803] [1744.70841773] 
24672 10.957363607827574 [304] [0.07586187] [1665.5749703] 
24747 10.990586249856278 [427] [0.02055904] [1646.88929565] 
24772 11.00169763842132 [291] [0.02892662] [1602.01955514] 
24797 11.012808888510335 [291] [0.02145534] [1666.72915509] 
24822 11.023920138599351 [124] [0.02992178] [1228.09129889] 
24847 11.035031388513744 [423] [0.01934488] [1741.40851149] 
24960 11.085198886343278 [124] [0.07157319] [2020.94073674] 
24997 11.101754720380995 [425] [0.02480548] [1694.40187497] 
25022 11.112810416263528 [292] [0.02313477] [1588.77376239] 
25160 11.173978053499013 [110] [0.01357355] [1228.95359598] 
25185 11.185089303588029 [431] [0.02195646] [1819.53024946] 
25385 11.273924027220346 [136] [0.03364782] [1240.32409348] 
25410 11.285035277134739 [308] [0.02357291] [1544.38088521] 
25435 11.29609097057255 [310] [0.05450583] [1862.18993319] 
25498 11.323980275716167 [296] [0.02415113] [1545.97478054] 
25523 11.335091664455831 [129] [0.03078565] [1287.83130949] 
25573 11.35725861042738 [288] [0.03072813] [1401.00949149] 
25648 11.39053694269387 [288] [0.06162556] [1716.02031427] 
25661 11.396259163040668 [288] [0.0552144] [1799.57250248] 
25686 11.407314997573849 [285] [0.02832098] [1372.83071213] 
25711 11.418426247837488 [140] [0.0485927] [1666.5378091] 
25736 11.42948194372002 [140] [0.01794151] [1849.54916976] 
25761 11.440704301698133 [430] [0.04782755] [1919.72091317] 
25786 11.45181569061242 [108] [0.07595811] [1443.77211038] 
25836 11.473982636583969 [108] [0.01697193] [1755.58605285] 
25861 11.485093886498362 [314] [0.02050412] [1546.73724844] 
25936 11.518372221384197 [113] [0.0230099] [1670.05841301] 
25961 11.52948347129859 [505] [0.02593691] [1453.86263865] 
26049 11.56842860870529 [300] [0.00824602] [1389.63249016] 
26099 11.590595554502215 [300] [0.03688944] [1637.36272357] 
26124 11.601817912654951 [258] [0.05570484] [1998.51284999] 
26149 11.61292924953159 [277] [0.04377074] [1954.04309402] 
26174 11.624040551483631 [143] [0.05181414] [1767.84957361] 
26199 11.63515180174727 [365] [0.06916593] [1495.74332836] 
26249 11.657263193512335 [383] [0.03841996] [1264.30545062] 
26274 11.668374582426623 [502] [0.04454203] [1161.32713826] 
26299 11.67943027568981 [117] [0.0647502] [1857.22092022] 
26437 11.740597915719263 [381] [0.02762513] [1522.77219513] 
26462 11.751709165633656 [109] [0.03123561] [1511.71354029] 
26487 11.762820415548049 [106] [0.02152433] [1961.63462575] 
26512 11.774042773526162 [301] [0.07305138] [1495.2108273] 
26537 11.785098608408589 [361] [0.02036297] [1422.19623716] 
26562 11.796154304291122 [301] [0.02488702] [1747.85194769] 
26587 11.807265554205514 [367] [0.04216153] [1222.99638765] 
26612 11.818321247817948 [361] [0.04913823] [1941.06034571] 
26637 11.829432636557613 [251] [0.07073322] [1817.86993319] 
26675 11.846266106818803 [367] [0.0609902] [1553.34364311] 
26712 11.86265527352225 [367] [0.05273275] [1820.03538734] 
26725 11.868433191615622 [376] [0.01727819] [1508.61613168] 
26750 11.879544441530015 [376] [0.01361047] [1678.54825786] 
26775 11.890655691793654 [380] [0.01786783] [1463.42842385] 
26800 11.901711526326835 [512] [0.05240819] [997.67974141] 
26838 11.9185450138757 [118] [0.06897345] [1755.83134788] 
26863 11.92960082902573 [91] [0.04874644] [2017.93287095] 
26875 11.93504527641926 [512] [0.02801444] [1439.55650755] 
26900 11.946156665333547 [116] [0.04861992] [1553.97018657] 
26925 11.957267915422563 [530] [0.02326513] [1613.70085591] 
26975 11.979490415251348 [386] [0.05972143] [1306.14991659] 
27000 11.990601717378013 [125] [0.00349011] [1550.07407254] 
27025 12.001713054254651 [386] [0.04269016] [1590.41763273] 
27075 12.023935554083437 [125] [0.00309229] [1859.08035584] 
27100 12.03499124769587 [96] [0.06750042] [2000.94346451] 
27138 12.051824856433086 [281] [0.06637412] [1619.42594747] 
27188 12.074047495611012 [507] [0.0670026] [1166.9800365] 
27213 12.085158745525405 [503] [0.05518688] [958.8236219] 
27238 12.096214441233315 [374] [0.02154831] [1484.9501691] 
27250 12.10165902535664 [374] [0.07237061] [1565.28342631] 
27313 12.12954833015101 [503] [0.01198145] [1539.24415699] 
27338 12.140604026382789 [84] [0.03359988] [1990.97390881] 
27588 12.251550134271383 [506] [0.04516731] [1466.69618336] 
27613 12.262661523011047 [316] [0.03626111] [2144.63070966] 
27625 12.268133747507818 [138] [0.00161676] [1899.92482769] 
27675 12.29032860940788 [385] [0.06117209] [2243.00770401] 
27700 12.301439859322272 [135] [0.02729864] [1785.14534114] 
27750 12.323606802849099 [94] [0.04697346] [2430.42222906] 
27775 12.334718191588763 [538] [0.0640976] [2182.66099532] 
27788 12.340495968412142 [538] [0.07698536] [2232.15038303] 
27800 12.345829441503156 [98] [0.05908148] [1910.68859684] 
27825 12.356996248243377 [98] [0.02076265] [2093.78430281] 
27863 12.373829857329838 [299] [0.06555068] [2360.67477826] 
27913 12.395996939507313 [378] [0.03022946] [1869.24868345] 
27938 12.407052635389846 [83] [0.00229792] [1413.51697077] 
27963 12.418163885478862 [276] [0.00219493] [1815.2315717] 
28000 12.434719719341956 [126] [0.04606533] [2187.61810104] 
28013 12.44044193951413 [297] [0.0380119] [1979.30783397] 
28025 12.445775412779767 [126] [0.07657129] [2348.761804] 
28038 12.451553328253794 [134] [0.0537967] [1883.4827742] 
28063 12.462609024485573 [388] [0.01649731] [1727.18216416] 
28088 12.473720274399966 [371] [0.00127246] [1289.30096003] 
28113 12.484775970107876 [134] [0.02105318] [2214.08092322] 
28138 12.495887359371409 [72] [0.03957164] [1789.98793356] 
28163 12.506998609285802 [536] [0.02645325] [2270.03489472] 
28188 12.518109859200194 [82] [0.05105741] [1429.43126549] 
28213 12.529221109114587 [250] [0.06034331] [1339.53832389] 
28238 12.54027694137767 [102] [0.05241717] [2112.0399755] 
28263 12.551388191292062 [115] [0.04226503] [2479.80148626] 
28301 12.568221800553147 [382] [0.06270084] [1304.5261404] 
28351 12.590388746350072 [382] [0.00156135] [1445.0400519] 
28376 12.601555551867932 [355] [0.0295155] [2456.95444005] 
28388 12.60694458038779 [104] [0.063407] [1917.73201424] 
28426 12.623778189299628 [356] [0.04004434] [2055.68818242] 
28451 12.63483388518216 [532] [0.00438611] [1919.83500168] 
28476 12.645945135271177 [366] [0.00350376] [1519.43233322] 
28501 12.65700096997898 [132] [0.03629816] [2054.06193364] 
28526 12.668112219893374 [379] [0.03185054] [1343.3855627] 
28551 12.679223470157012 [508] [0.06668992] [1126.22074041] 
28576 12.690334720071405 [132] [0.02784695] [2400.45415352] 
28601 12.701390413334593 [81] [0.06948078] [1760.14181221] 
28651 12.723613052337896 [412] [0.07643837] [1967.88802005] 
28664 12.729335411335342 [81] [0.02949756] [2262.84684674] 
28689 12.740446661249734 [142] [0.03720989] [2430.93306548] 
28701 12.7457799956901 [379] [0.0594364] [2345.46620268] 
28739 12.762613607395906 [77] [0.00459372] [1280.91133548] 
28764 12.773780497955158 [77] [0.06136406] [1355.7294059] 
28789 12.78486402350245 [529] [0.03534661] [1794.85602181] 
28814 12.795947496138979 [269] [0.01038359] [1323.94620067] 
28839 12.807003192021511 [290] [0.02058765] [2367.53469144] 
28864 12.818114441935904 [304] [0.03683009] [1875.02281069] 
28889 12.829225831024814 [304] [0.03193181] [2062.77174399] 
28927 12.846003883285448 [269] [0.03279735] [2044.23349905] 
28952 12.857115133549087 [107] [0.04992934] [1783.65798162] 
28977 12.86822638346348 [401] [0.05675935] [1788.870217] 
29002 12.879282079346012 [107] [0.00971503] [2189.42705287] 
29052 12.901449166762177 [307] [0.04546612] [1671.58896655] 
29077 12.91250486264471 [307] [0.07711217] [1820.02755472] 
29090 12.91828277829336 [139] [0.07647682] [2317.71636713] 
29115 12.929338471905794 [307] [0.02810075] [2090.15930496] 
29152 12.945949859451503 [527] [0.00865692] [1752.50040197] 
29177 12.957005555508658 [527] [0.04016171] [1862.51958729] 
29202 12.968116805597674 [76] [0.06032038] [1258.68598606] 
29227 12.979228055512067 [390] [0.03094692] [1810.80840699] 
29290 13.007117360655684 [305] [0.03830966] [1784.51608199] 
29315 13.018228749395348 [110] [0.02809648] [2389.25736443] 
29340 13.029339999309741 [286] [0.05093304] [1556.93639998] 
29365 13.04045124957338 [93] [0.0641251] [1457.79012366] 
29390 13.051562499487773 [370] [0.01654319] [1601.80554301] 
29415 13.062618331750855 [271] [0.01837719] [1227.74721111] 
29440 13.07367402780801 [70] [0.02423202] [2497.47612733] 
29465 13.084785277722403 [526] [0.05239296] [1567.6261167] 
29515 13.107119027234148 [511] [0.04746898] [1597.55016637] 
29540 13.11817472067196 [405] [0.00697565] [1597.66447152] 
29628 13.157119721523486 [515] [0.03035643] [2483.59756526] 
29678 13.179231249843724 [288] [0.03182974] [1647.66938112] 
29703 13.190342499758117 [288] [0.02716072] [1714.37631191] 
29741 13.2071761112893 [394] [0.06943884] [2023.42171647] 
29766 13.218287361378316 [394] [0.05889925] [2208.04375974] 
29791 13.229343054816127 [416] [0.05933323] [1612.35409045] 
29816 13.240398748079315 [416] [0.00968728] [1737.5995445] 
29891 13.273843750124797 [265] [0.03793412] [2437.11504654] 
29928 13.29028847347945 [293] [0.07116864] [1775.70972273] 
29941 13.296010832476895 [253] [0.05670179] [1262.82132183] 
29966 13.307122082391288 [293] [0.05470592] [1937.84645155] 
29991 13.3181777758291 [95] [0.01506249] [1257.08481905] 
30016 13.329289026092738 [74] [0.04869056] [2042.88270108] 
30041 13.340344791300595 [24] [0.03569472] [2217.39711003] 
30066 13.351456110540312 [24] [0.03321695] [2322.85775701] 
30091 13.36262291483581 [275] [0.01398403] [1403.57397052] 
30116 13.373678610718343 [253] [0.02506811] [2414.87831152] 
30129 13.37940097216051 [279] [0.06548417] [2270.42795063] 
30141 13.384734306600876 [277] [0.07490273] [1805.69202662] 
30179 13.40156791586196 [85] [0.05580081] [1565.01259001] 
30204 13.412679304601625 [268] [0.0745983] [1375.84973437] 
30229 13.4237627753173 [525] [0.02166444] [1728.10766405] 
30254 13.434846248128451 [258] [0.01196321] [1371.78733283] 
30266 13.440346388379112 [365] [0.04654137] [1874.23273453] 
30291 13.45142986101564 [365] [0.06226701] [1967.21641015] 
30304 13.457179895660374 [528] [0.05482085] [2074.7778606] 
30316 13.46251333435066 [365] [0.07314137] [2089.88783943] 
30329 13.468346806650516 [528] [0.07113898] [2290.4559023] 
30354 13.479402499913704 [360] [0.06797793] [2359.66208951] 
30366 13.484680416528136 [268] [0.06723874] [2332.19562851] 
30379 13.490458193351515 [42] [0.04123904] [2049.05806901] 
30404 13.501569443265907 [256] [0.04772425] [1730.16470511] 
30429 13.512680832354818 [383] [0.0492632] [2121.42798484] 
30454 13.52379208226921 [99] [0.04236064] [1921.95438448] 
30479 13.534847775532398 [39] [0.00946006] [2274.18379326] 
30504 13.545959025621414 [358] [0.00377063] [1352.47192634] 
30529 13.557014860503841 [358] [0.0501594] [1440.92826002] 
30554 13.568126110418234 [59] [0.03145202] [1987.85184337] 
30579 13.57923736050725 [264] [0.04345119] [1608.86660266] 
30604 13.590348610421643 [361] [0.02450292] [1975.9534328] 
30617 13.596070972038433 [78] [0.04325666] [2331.08400685] 
30629 13.601404358516447 [264] [0.06300835] [1962.66376543] 
30654 13.612682359933387 [62] [0.03839125] [2000.14153755] 
30679 13.623765830998309 [62] [0.01634641] [2104.29257397] 
30704 13.634904859936796 [88] [0.04079796] [1416.01811653] 
30729 13.645960553199984 [512] [0.02200391] [1911.55408534] 
30754 13.657071942114271 [251] [0.00131614] [1402.24067292] 
30779 13.668183192028664 [376] [0.0037617] [2050.80899487] 
30804 13.679294441943057 [376] [0.00300418] [2144.74653239] 
30829 13.690350138174836 [380] [0.0263391] [2048.74138179] 
30854 13.7014615269145 [88] [0.02673609] [2439.94703541] 
30892 13.71829512133263 [373] [0.06113972] [2248.26787726] 
30917 13.729350832058117 [272] [0.07470835] [1332.54658453] 
30942 13.740406525321305 [91] [0.01032423] [1493.16894212] 
30967 13.751517775235698 [261] [0.00852155] [1414.55952758] 
30992 13.762573471467476 [91] [0.03046044] [1760.36803266] 
31005 13.768351389560848 [523] [0.06555844] [2353.69706705] 
31017 13.773823748866562 [57] [0.05745914] [2165.5620278] 
31042 13.784907220804598 [280] [0.06634189] [1364.07098702] 
31054 13.79024067678256 [272] [0.05694898] [2279.5339274] 
31067 13.79599069186952 [90] [0.03408788] [1561.78630496] 
31092 13.807129720808007 [261] [0.02354349] [2086.04233177] 
31117 13.818185553071089 [66] [0.02438945] [1940.95846214] 
31142 13.82935235981131 [514] [0.05724297] [1293.19217709] 
31154 13.834685694077052 [90] [0.04707721] [2128.51728212] 
31167 13.840463609725703 [96] [0.04331566] [1530.07843043] 
31192 13.851519303163514 [524] [0.00031079] [1461.39558818] 
31217 13.8626306920778 [519] [0.00224618] [1362.21996358] 
31242 13.873741941992193 [501] [0.00257698] [2131.04727507] 
31267 13.884908748383168 [255] [0.07003602] [1331.08925165] 
31292 13.89596444182098 [255] [0.00983175] [1457.33027576] 
31317 13.907075778697617 [518] [0.01555962] [1701.76111052] 
31342 13.918187080649659 [524] [0.00135434] [2281.86178645] 
31392 13.94040958082769 [84] [0.01061096] [1569.12522569] 
31417 13.951465276710223 [45] [0.02879361] [2067.95641635] 
31442 13.962576665449888 [535] [0.0373478] [1738.14895184] 
31467 13.973687915713526 [14] [0.04276379] [1671.88599502] 
31492 13.98479916562792 [535] [0.02613882] [1971.85700888] 
31517 13.995910415542312 [499] [0.07249458] [1214.38589721] 
31542 14.007021804456599 [86] [0.04207216] [1560.18144507] 
31630 14.046022359514609 [75] [0.05456267] [1661.20879065] 
31655 14.057133609429002 [75] [0.0491722] [1774.64536915] 
31680 14.068244859343395 [273] [0.04098234] [1753.68753163] 
31730 14.090411941695493 [534] [0.00439604] [1758.65538887] 
31755 14.101467637578025 [257] [0.03492511] [1482.0082941] 
31780 14.112689998175483 [278] [0.04349378] [1641.79922047] 
31805 14.123745830613188 [94] [0.00830264] [2019.93536602] 
31830 14.134912637004163 [40] [0.03599881] [1797.71547006] 
31855 14.145968330441974 [364] [0.00908385] [1545.37029703] 
31880 14.157079580705613 [98] [0.00686409] [1821.14076561] 
31905 14.168190917233005 [278] [0.00418111] [2343.49178456] 
31918 14.173913194681518 [40] [0.06975977] [2396.49384141] 
31930 14.179246665153187 [364] [0.03174054] [1843.39873881] 
31955 14.190357915416826 [50] [0.04523123] [1528.65785357] 
31980 14.201469165331218 [262] [0.03539023] [1467.01331106] 
32005 14.212552637967747 [22] [0.0379761] [2413.38700889] 
32030 14.223691804334521 [52] [0.04619537] [1498.36569973] 
32055 14.234803054248914 [52] [0.04253808] [1560.51318746] 
32068 14.240525415691081 [50] [0.06641853] [2103.46359203] 
32080 14.245914304163307 [16] [0.03601102] [2333.37238603] 
32180 14.290414997027256 [68] [0.03551487] [1702.08352541] 
32205 14.301526247116271 [531] [0.00239344] [1457.10231676] 
32230 14.312582081824075 [68] [0.03696181] [2020.84322708] 
32280 14.334860136033967 [68] [0.00361944] [2412.01514777] 
32305 14.3459158319165 [531] [0.03522142] [1915.56670716] 
32330 14.357027151156217 [536] [0.02907942] [1962.4759703] 
32355 14.36813847074518 [398] [0.03689166] [2315.40786814] 
32430 14.401416666456498 [71] [0.05871285] [2166.75246594] 
32443 14.40713902580319 [354] [0.01660822] [2451.15832082] 
32468 14.418250275717583 [53] [0.0495317] [1393.40287143] 
32493 14.429361664457247 [53] [0.04517253] [1449.96120299] 
32530 14.44591735949507 [9] [0.03592309] [2221.11304455] 
32543 14.451695277588442 [49] [0.05152094] [2346.86158118] 
32568 14.462750971026253 [53] [0.06473238] [1847.76568252] 
32580 14.468139998149127 [9] [0.0290293] [2486.57084607] 
32605 14.479195694380905 [53] [0.06192549] [2124.58606932] 
32655 14.501418333034962 [532] [0.06919297] [1854.48799756] 
32680 14.512529583298601 [32] [0.06867384] [2058.70683962] 
32693 14.518251803470775 [69] [0.02484355] [2114.94238135] 
32705 14.523640833212994 [532] [0.0502498] [2271.67832541] 
32743 14.540474442124832 [81] [0.03622662] [2436.28450183] 
32768 14.551585692213848 [41] [0.05082533] [1444.78499482] 
32793 14.56264138565166 [29] [0.00689722] [2125.3379356] 
32818 14.573697220359463 [520] [0.07392387] [1328.18220817] 
32843 14.584808470448479 [29] [0.03198114] [2391.83161304] 
32893 14.60714208096033 [41] [0.02314631] [2294.30355127] 
32905 14.612475554051343 [41] [0.07031999] [2397.3491929] 
32918 14.618253435124643 [26] [0.03031276] [2286.29102722] 
32943 14.629309163312428 [27] [0.00489109] [1962.91895494] 
32955 14.634753610705957 [520] [0.06430646] [2064.78822241] 
32968 14.640475969878025 [529] [0.04561997] [1693.12228576] 
32993 14.651587219792418 [27] [0.03819673] [2180.84056375] 
33018 14.66269848716911 [48] [0.06848904] [1355.39927664] 
33043 14.673754301969893 [27] [0.00270014] [2486.47336616] 
33068 14.684865551884286 [33] [0.00197978] [2089.95063965] 
33093 14.695949025568552 [517] [0.04478989] [1306.75346551] 
33118 14.707004721101839 [25] [0.05699124] [1901.92282677] 
33143 14.718088332912885 [25] [0.07126413] [1995.59216712] 
33156 14.72386610956164 [25] [0.07753223] [2055.57957644] 
33168 14.7291995830019 [25] [0.0649029] [2117.00678057] 
33181 14.73497739440063 [48] [0.04579046] [2477.67188577] 
33231 14.757172219979111 [517] [0.03342753] [2131.39747144] 
33256 14.768200135440566 [510] [0.00913371] [1755.9487091] 
33268 14.773644720262382 [510] [0.06242215] [1840.4970926] 
33331 14.801645137486048 [527] [0.05555343] [1896.32755088] 
33356 14.812700830749236 [516] [0.04332656] [1449.96873702] 
33381 14.823812080663629 [516] [0.03901606] [1538.28281813] 
33406 14.834867913275957 [390] [0.00546005] [2043.8748856] 
33431 14.84597916319035 [7] [0.00601687] [2038.37857116] 
33456 14.857145969581325 [15] [0.03759608] [1758.67323285] 
33481 14.868201663019136 [63] [0.00409954] [2003.29999676] 
33506 14.879257497901563 [63] [0.02868016] [2213.08041366] 
33531 14.890424301847816 [63] [0.00297264] [2434.53146082] 
33556 14.901479997730348 [43] [0.0288347] [1899.44519505] 
33581 14.912591247993987 [43] [0.02365627] [2104.90505452] 
33606 14.92364694387652 [43] [0.04406721] [2320.36987759] 
33619 14.929424859350547 [23] [0.06529624] [2049.94998759] 
33656 14.94598069076892 [23] [0.01030801] [2292.50851226] 
33681 14.957036386651453 [36] [0.04657212] [1886.53260435] 
33706 14.968119859287981 [405] [0.05429072] [1821.96641663] 
33719 14.973869998182636 [405] [0.07402145] [1906.46618661] 
33744 14.98492569179507 [31] [0.037654] [1751.30872142] 
33769 14.996036958997138 [405] [0.02854542] [2280.16305641] 
33794 15.007092773797922 [19] [0.01637767] [1250.06360602] 
33819 15.01820402406156 [19] [0.00666732] [1325.01584122] 
33844 15.029315273975953 [31] [0.00539681] [2335.26363152] 
33869 15.040370969858486 [19] [0.03897136] [1599.46300568] 
33894 15.051482358947396 [392] [0.07302914] [1617.55489004] 
33919 15.062593608861789 [17] [0.03460456] [2218.24048437] 
33932 15.06834374932805 [19] [0.07000462] [2087.71426558] 
33982 15.090482913830783 [513] [0.07012734] [1279.34587025] 
34007 15.101538607268594 [513] [0.01004675] [1377.29998642] 
34032 15.112760970310774 [13] [0.04269434] [2191.77559312] 
34057 15.123816802748479 [13] [0.0144467] [2412.59659692] 
34082 15.134928052662872 [397] [0.03032307] [2081.78822763] 
34107 15.14598374592606 [513] [0.00262616] [2081.86514751] 
34132 15.157039441983216 [357] [0.03733743] [1772.9297058] 
34157 15.168150830897503 [28] [0.03912293] [1775.82333725] 
34182 15.179206526954658 [391] [0.0608175] [2140.0243816] 
34195 15.184984338178765 [391] [0.05603499] [2236.07571578] 
34245 15.207151385955513 [275] [0.05573281] [1803.96856537] 
34295 15.229373885784298 [525] [0.03688011] [1782.1528642] 
34320 15.240429718222003 [525] [0.00596684] [1901.47101973] 
34345 15.251540968136396 [51] [0.01616543] [1326.76683571] 
34432 15.290319304447621 [408] [0.07360756] [1983.70898283] 
34445 15.296041663445067 [406] [0.05429884] [1548.07741643] 
34470 15.307152913708705 [408] [0.02150963] [2266.77733801] 
34495 15.318264163623098 [256] [0.03865325] [1984.32424911] 
34520 15.329375552362762 [42] [0.05223293] [1342.67176786] 
34545 15.340431245975196 [393] [0.00270687] [1573.14847046] 
34570 15.35154249588959 [39] [0.04960418] [1371.79293448] 
34582 15.356875968980603 [360] [0.0322591] [2413.66942641] 
34595 15.362598191772122 [42] [0.03996883] [1790.50361394] 
34620 15.373681664583273 [237] [0.04953788] [2422.13996607] 
34633 15.379431803477928 [393] [0.05957749] [2122.20747375] 
34645 15.384820830600802 [39] [0.02880365] [1842.07548498] 
34670 15.395876526483335 [358] [0.07501019] [2063.98488359] 
34733 15.423821385658812 [522] [0.02180386] [2206.90909785] 
34758 15.434932635573205 [522] [0.01889482] [2427.7233821] 
34795 15.451488469610922 [402] [0.05086034] [1460.3666684] 
34845 15.473711108264979 [62] [0.04887284] [1721.10900315] 
34858 15.479433330881875 [402] [0.07714821] [1789.28846309] 
34883 15.490544581145514 [62] [0.04713915] [2011.7512182] 
34895 15.49587805441115 [402] [0.05900192] [2057.84627084] 
34908 15.501655969885178 [402] [0.05634862] [2160.59814242] 
34920 15.506989304325543 [62] [0.05384414] [2326.40345187] 
34933 15.51276721979957 [533] [0.07605729] [1724.79447712] 
34958 15.523878469888587 [533] [0.06358993] [1911.09152239] 
34983 15.534934163326398 [403] [0.06690111] [1477.09355011] 
35008 15.54598999558948 [523] [0.01163904] [2147.37157624] 
35033 15.557129023305606 [369] [0.01157408] [1361.60256319] 
35058 15.568212495592888 [57] [0.0005148] [1331.1039021] 
35083 15.579323745681904 [396] [0.02426301] [1516.84567817] 
35133 15.601490830478724 [396] [0.04321329] [1826.93858868] 
35158 15.612713190901559 [396] [0.02321114] [2017.51136659] 
35183 15.62376888433937 [280] [0.0009418] [2228.93925279] 
35208 15.634880134603009 [65] [0.00193753] [1854.20030199] 
35233 15.64593596913619 [399] [0.07555595] [1376.29308425] 
35246 15.651658191927709 [418] [0.05403462] [2004.7524971] 
35258 15.656991665018722 [231] [0.06526423] [2398.77354287] 
35296 15.673825274279807 [399] [0.03256162] [1705.7184327] 
35321 15.6849365241942 [399] [0.0270358] [1885.62808067] 
35346 15.696047774108592 [399] [0.02282971] [2082.8327628] 
35371 15.707103554508649 [217] [0.00742499] [2365.54795708] 
35384 15.712825831957161 [399] [0.06245328] [2403.35954574] 
35396 15.71821485646069 [415] [0.00087588] [1778.4334184] 
35421 15.729270552343223 [217] [0.02783956] [2119.22747173] 
35446 15.740381802606862 [413] [0.04952573] [1521.99105108] 
35471 15.751493052521255 [47] [0.03855729] [1888.77489964] 
35484 15.757270970614627 [415] [0.06349624] [2501.91567331] 
35496 15.762548887054436 [227] [0.06929226] [2266.01073315] 
35521 15.773715691349935 [419] [0.05361445] [1444.20203696] 
35546 15.784882495296188 [407] [0.01472443] [1262.09919708] 
35571 15.79599374521058 [45] [0.00305899] [1992.94550984] 
35596 15.80710513429949 [45] [0.00259536] [2189.54812155] 
35621 15.818216384213883 [419] [0.02829019] [2154.22822781] 
35646 15.829272080096416 [589] [0.04161885] [1936.68732011] 
35709 15.857216941716615 [238] [0.05950991] [2274.28298334] 
35759 15.879384024068713 [14] [0.02235112] [2480.09850072] 
35784 15.890495273983106 [400] [0.02078259] [2034.90953275] 
35809 15.901606523897499 [11] [0.05397675] [1557.68039113] 
35834 15.912717773986515 [8] [0.04270196] [1271.87922666] 
35859 15.92377360642422 [56] [0.04889479] [2241.23758659] 
35884 15.934884856338613 [8] [0.01662604] [1478.8608266] 
35909 15.946107219380792 [8] [0.06787921] [1639.0229006] 
35934 15.957162912993226 [8] [0.02129979] [1821.07097486] 
35959 15.968274180195294 [30] [0.03390368] [1405.88843967] 
35984 15.979385551647283 [8] [0.0151172] [2234.49715937] 
36009 15.990496801736299 [8] [0.01304481] [2456.53780151] 
36034 16.001608051650692 [21] [0.03014098] [1343.91556546] 
36059 16.012663745088503 [364] [0.00023166] [1844.95302377] 
36084 16.02377513400279 [222] [0.00461951] [1981.20198448] 
36109 16.034886383917183 [364] [0.00036774] [2190.88909628] 
36134 16.045942079799715 [229] [0.03522382] [2345.47174205] 
36159 16.05710888374597 [21] [0.0058221] [2223.74237346] 
36184 16.06816471880302 [22] [0.03869529] [1708.15675084] 
36197 16.07394249807112 [55] [0.06879462] [2270.69197361] 
36209 16.07927596871741 [55] [0.03682119] [2365.47600991] 
36234 16.090331664599944 [219] [0.06501954] [2412.91962686] 
36247 16.096081802097615 [22] [0.03834086] [2218.46738129] 
36272 16.10716527386103 [52] [0.03023706] [2140.22520169] 
36284 16.112609857635107 [68] [0.06299858] [1721.43038602] 
36309 16.12366555351764 [16] [0.06847546] [2005.33071443] 
36322 16.129443330166396 [68] [0.05918543] [1914.00222828] 
36334 16.134832357638516 [35] [0.04528122] [1539.05560856] 
36347 16.140554719255306 [2] [0.04579986] [2387.71139191] 
36372 16.151610412518494 [2] [0.02189413] [2205.12113088] 
